AO-07
1 07530U 74089B   21056.78133197 -.00000042  00000-0  25244-4 0  9994
2 07530 101.8406  31.4620 0011947 236.3340 242.2866 12.53647536117973
UO-11
1 14781U 84021B   21056.47808568  .00000180  00000-0  28022-4 0  9993
2 14781  97.5917  61.8425 0009992  90.0180 270.2180 14.83251067969331
LO-19
1 20442U 90005G   21056.69850798  .00000007  00000-0  18974-4 0  9992
2 20442  98.7273  11.2348 0012625 126.4467 233.7882 14.32977250624886
HUBBLE
1 20580U 90037B   21056.47038756  .00000726  00000-0  33036-4 0  9992
2 20580  28.4699  85.9984 0002432 299.4802 217.4594 15.09565505494159
MET-2/21
1 22782U 93055A   21056.38838844  .00000025  00000-0  95216-5 0  9998
2 22782  82.5495  32.8471 0021136 244.5915 269.5525 13.83832526388020
AO-27
1 22825U 93061C   21056.50581476  .00000015  00000-0  23832-4 0  9996
2 22825  98.9242  71.3339 0008491   8.0229 352.1086 14.30107040429981
IO-26
1 22826U 93061D   21056.50267674  .00000016  00000-0  24243-4 0  9996
2 22826  98.9183  71.2502 0008781 355.2590   4.8507 14.30444871430221
FO-29
1 24278U 96046B   21056.49977573 -.00000038  00000-0 -48300-5 0  9996
2 24278  98.5787 139.2597 0351291  79.7005 284.3538 13.53102272211108
NOAA-15
1 25338U 98030A   21056.80443284  .00000056  00000-0  41811-4 0  9998
2 25338  98.6951  86.2584 0009489 242.7550 117.2664 14.26014613185334
GO-32
1 25397U 98043D   21056.31106535 -.00000018  00000-0  11534-4 0  9996
2 25397  98.7591   2.2462 0002232  66.2920 293.8492 14.23701905175537
ISS
1 25544U 98067A   21058.08383026  .00016717  00000-0  10270-3 0  9115
2 25544  51.6452 167.3135 0003419  51.3257 308.8198 15.49013166 31525
NO-44
1 26931U 01043C   21056.80981042 -.00000034  00000-0  18811-4 0  9996
2 26931  67.0503 208.5632 0007357 268.4550  91.5709 14.30607585 13387
SO-50
1 27607U 02058C   21056.21508279  .00000104  00000-0  35379-4 0  9991
2 27607  64.5567 321.5508 0030442  68.2505 292.1833 14.75715408977991
CO-55
1 27844U 03031E   21056.48185216  .00000080  00000-0  55802-4 0  9993
2 27844  98.6827  66.3804 0010643  47.7578 312.4500 14.22290380916064
CO-57
1 27848U 03031J   21056.44182637  .00000063  00000-0  48477-4 0  9998
2 27848  98.6887  66.9089 0010682  59.9459 300.2777 14.21869796915894
RS-22
1 27939U 03042A   21056.72461372  .00000173  00000-0  39571-4 0  9995
2 27939  98.1188 194.7242 0011467 272.3773  87.6126 14.66947409931144
NOAA-18
1 28654U 05018A   21056.39175153  .00000125  00000-0  92021-4 0  9993
2 28654  99.0090 120.7433 0013557 235.5421 124.4470 14.12584186812628
CO-58
1 28895U 05043F   21056.60249908  .00000208  00000-0  48672-4 0  9997
2 28895  98.0395 192.4071 0016478 198.5408 161.5196 14.63869431817643
FALCONSAT-3
1 30776U 07006E   21056.48878814  .00006762  00000-0  16804-3 0  9991
2 30776  35.4345  99.2349 0003026 301.2845  58.7586 15.39662483775835
CO-65
1 32785U 08021C   21056.41962622  .00000470  00000-0  55986-4 0  9990
2 32785  97.6000  39.6887 0013519  21.1274 339.0500 14.88640451695579
AAUSAT2
1 32788U 08021F   21056.41713205  .00001269  00000-0  11975-3 0  9990
2 32788  97.5010  55.8115 0010067 289.3432  70.6700 14.95409271697118
DO-64
1 32789U 08021G   21056.53183156  .00002654  00000-0  17365-3 0  9998
2 32789  97.3899  96.1617 0012549 160.7923 199.3781 15.08531355699957
CO-66
1 32791U 08021J   21056.78370287  .00000764  00000-0  82045-4 0  9999
2 32791  97.5622  46.0494 0012792 345.1787  14.9055 14.91289004696214
RS-30
1 32953U 08025A   21056.83908684  .00000028  00000-0  12906-3 0  9998
2 32953  82.5044 120.3579 0019010 217.0641 142.9123 12.43100146579113
PRISM
1 33493U 09002B   21056.34518294  .00001420  00000-0  12740-3 0  9997
2 33493  98.1747  13.5941 0013754 300.1551  59.8306 14.97449464657548
NOAA-19
1 33591U 09005A   21056.76954053  .00000038  00000-0  46066-4 0  9995
2 33591  99.1921  74.6601 0014910  86.3480 273.9395 14.12453424621155
TISAT-1
1 36799U 10035E   21056.29465891  .00000513  00000-0  57183-4 0  9998
2 36799  98.2048 242.5660 0011385 216.5467 143.4974 14.91613310576617
JUGNU
1 37839U 11058B   21056.65643032  .00000321  00000-0  29129-4 0  9991
2 37839  19.9601 187.2124 0018898 300.2521 175.8588 14.12704692484745
SRMSAT
1 37841U 11058D   21056.25680164  .00000318  00000-0  29400-4 0  9995
2 37841  19.9713 259.1984 0011883 141.1432  14.2492 14.10685978483859
AO-71
1 37854U 11061E   21056.60864522  .00002124  00000-0  11146-3 0  9998
2 37854 101.7103 284.9809 0155815  28.6201 332.3456 15.08196172509624
HRBE
1 37855U 11061F   21056.58503295  .00001963  00000-0  10194-3 0  9995
2 37855 101.7241 281.9814 0168203  43.3119 318.1175 15.07232207509795
HORYU-2
1 38340U 12025D   21056.49389255  .00000294  00000-0  50571-4 0  9994
2 38340  98.2468 121.6982 0010420 317.6742  42.3662 14.75981165461879
RS-40
1 38735U 12041C   21056.51468183 -.00000016  00000-0 -18630-3 0  9994
2 38735  82.4772 202.8656 0016639 332.8519  27.1689 12.42581826389285
BEESAT-3
1 39135U 13015F   21056.79815939  .00002721  00000-0  13882-3 0  9993
2 39135  64.8670 202.8103 0011450 198.2952 161.7765 15.18963241434078
BEESAT-2
1 39136U 13015G   21056.42040882  .00002584  00000-0  13375-3 0  9995
2 39136  64.8753 209.9665 0027841 257.9100 101.8907 15.18343691433490
ZACUBE-1
1 39417U 13066B   21055.99337273  .00000314  00000-0  45335-4 0  9998
2 39417  97.5839  46.2089 0058935 168.3824 191.8766 14.81434099392429
TRITON-1
1 39427U 13066M   21056.82019658  .00000474  00000-0  83053-4 0  9992
2 39427  97.7619  10.1909 0113271 348.6140  11.2506 14.68160702389029
GOMX-1
1 39430U 13066Q   21056.85842952  .00000292  00000-0  61030-4 0  9999
2 39430  97.8102 346.3597 0151952 106.1355 255.6642 14.59540219386769
LO-74
1 39440U 13066AA  21056.33998755  .00000343  00000-0  54480-4 0  9994
2 39440  97.6628  31.3089 0078586 238.8309 120.5180 14.76169486389886
AO-73
1 39444U 13066AE  21056.24824783  .00000434  00000-0  59015-4 0  9997
2 39444  97.5757  48.7886 0058277 158.5492 201.8183 14.82323665390814
SPROUT
1 39770U 14029E   21056.73901153  .00001292  00000-0  14613-3 0  9997
2 39770  97.9048 168.2055 0008447 208.1659 151.9158 14.88200737366720
DUCHIFAT-1
1 40021U 14033M   21056.54856197  .00000623  00000-0  68472-4 0  9999
2 40021  97.9636 355.6314 0012918 166.8213 193.3344 14.91194400363602
NANOSATCBR1
1 40024U 14033Q   21056.24583888  .00000622  00000-0  69879-4 0  9994
2 40024  97.9443 350.8229 0012123 172.9123 187.2268 14.90316037362886
DTUSAT-2
1 40030U 14033W   21056.52954216  .00000475  00000-0  56606-4 0  9999
2 40030  97.9129 343.8361 0011747 176.2499 183.8808 14.88899954362666
EO-80
1 40032U 14033Y   21056.55664545  .00000464  00000-0  55518-4 0  9996
2 40032  97.9135 343.8680 0011715 177.0676 183.0612 14.88854149363168
ANTELSAT
1 40034U 14033AA  21056.55295155  .00000352  00000-0  59232-4 0  9998
2 40034  97.6886 265.7319 0057125 260.4090  99.0662 14.74405996359177
VELOX-1
1 40057U 14034E   21056.83931844  .00000471  00000-0  72786-4 0  9998
2 40057  98.3095 207.3080 0011913  59.3807 300.8577 14.78075563359057
DAURIA DX 1
1 40071U 14037C   21056.80661839  .00000170  00000-0  29252-4 0  9994
2 40071  98.4589 255.2925 0009471  51.3176 308.8885 14.81456635358763
HODOYOSHI-1
1 40299U 14070B   21056.79419189  .00001268  00000-0  54311-4 0  9993
2 40299  97.2975 133.3556 0013714  29.7833  65.3100 15.24494331350402
CHUBUSAT-1
1 40300U 14070C   21055.96811773  .00001418  00000-0  62951-4 0  9995
2 40300  97.2567 123.1908 0020974  46.7715 125.5348 15.22965596349937
QSAT-EOS
1 40301U 14070D   21056.78941288  .00003721  00000-0  13736-3 0  9997
2 40301  97.2665 131.2314 0024612  14.4761  81.0615 15.28094527350606
FIREBIRD FU3
1 40377U 15003B   21056.59438247  .00007189  00000-0  26600-3 0  9998
2 40377  99.0831 174.6033 0119937 187.2482 172.7019 15.21537282335777
FIREBIRD FU4
1 40378U 15003C   21056.77165227  .00006566  00000-0  24295-3 0  9990
2 40378  99.0835 174.9402 0120048 186.4803 173.4882 15.21581597335817
GRIFEX
1 40379U 15003D   21056.52759289  .00004236  00000-0  17478-3 0  9998
2 40379  99.0823 164.9000 0129528 217.4607 141.7541 15.17427912335205
NO-84
1 40654U 15025D   21056.42673815  .00041318  00000-0  35219-3 0  2018
2 40654  54.9805 207.9324 0095115 128.2074 232.7681 15.63368221208459
DEORBITSAIL
1 40719U 15032E   21056.51325506  .00000617  00000-0  93981-4 0  9991
2 40719  97.8433 304.5193 0017510 107.7512 252.5611 14.77247295303454
NUDT-PHONESAT
1 40900U 15049B   21056.84860334  .00004765  00000-0  19019-3 0  9997
2 40900  97.4260  71.7302 0012792 164.4938 318.0198 15.25575706301804
XW-2A
1 40903U 15049E   21056.83714859  .00004540  00000-0  99622-4 0  9999
2 40903  97.2537 111.6215 0014252  66.4169  46.6748 15.44467336305561
XW-2C
1 40906U 15049H   21056.80094014  .00001441  00000-0  77298-4 0  9995
2 40906  97.4842  60.5737 0013674 209.5926 274.4448 15.16506966300648
XW-2D
1 40907U 15049J   21056.81015686  .00001412  00000-0  75187-4 0  9998
2 40907  97.4839  60.3423 0013049 205.6438 236.8381 15.16794863300672
LILACSAT-2
1 40908U 15049K   21056.81259792  .00000639  00000-0  38465-4 0  9995
2 40908  97.5014  58.3487 0014542 221.5290 220.4578 15.14299570300331
XW-2E
1 40909U 15049L   21056.81019775  .00002156  00000-0  10570-3 0  9993
2 40909  97.4668  64.2071 0012860 192.1676 252.8337 15.19141791300982
XW-2F
1 40910U 15049M   21056.84937795  .00002084  00000-0  10369-3 0  9995
2 40910  97.4727  63.3194 0014211 192.0053 288.3627 15.18646022300786
XW-2B
1 40911U 15049N   21056.80593118  .00001488  00000-0  79218-4 0  9995
2 40911  97.4839  61.0326 0012873 206.7457 230.3131 15.16715407300561
DCBB
1 40912U 15049P   21056.82670208  .00002391  00000-0  11029-3 0  9993
2 40912  97.4485  67.6362 0015025 166.3926 276.3048 15.21130697301224
TW-1C
1 40926U 15051B   21056.44064455  .02633745  22183-5  13669-2 0  9997
2 40926  97.0252 119.3435 0005041 251.4174 119.2932 16.20330625306899
TW-1A
1 40928U 15051D   21056.89917906  .00006928  00000-0  15039-3 0  9994
2 40928  97.0887  84.5051 0009294 353.4438 128.5488 15.44640043304465
IO-86
1 40931U 15052B   21055.27845257  .00000684  00000-0  61789-5 0  9997
2 40931   5.9997 339.5905 0012385 244.9960 114.8756 14.76663331292549
LQSAT
1 40958U 15057A   21056.81251714  .00000011  00000-0  91778-5 0  9996
2 40958  97.8191 117.4572 0019455  58.2209 302.0885 14.73156922289803
ATHENOXAT-1
1 41168U 15077C   21056.52300597  .00003201  00000-0  12898-3 0  9992
2 41168  14.9901   3.6697 0011596  54.9212  90.7317 15.15225699287775
CHUBUSAT-2
1 41338U 16012B   21056.70964964  .00000555  00000-0  36276-4 0  9991
2 41338  31.0025 176.4274 0013532 105.9381 254.2746 15.00449153275808
CHUBUSAT-3
1 41339U 16012C   21056.67734198  .00000561  00000-0  36641-4 0  9995
2 41339  31.0104 173.9770 0013192 112.5485 247.6541 15.00603666275799
HORYU-4
1 41340U 16012D   21056.49561802  .00000923  00000-0  62515-4 0  9998
2 41340  31.0045 160.0578 0013662 140.9378 219.2246 15.01756447275947
OUFTI-1
1 41458U 16025C   21056.80064371  .00002689  00000-0  13306-3 0  9990
2 41458  98.1252 187.3320 0161382  76.4064 285.5079 15.08053100265645
E-ST@R-II
1 41459U 16025D   21056.79324440  .00003080  00000-0  15313-3 0  9991
2 41459  98.1233 186.5091 0163329  79.0750 282.8787 15.07524585265594
AAUSAT4
1 41460U 16025E   21056.64215429  .00004321  00000-0  20531-3 0  9990
2 41460  98.1222 189.6868 0150160  65.2049 296.4723 15.10323661265831
LO-87
1 41557U 16033B   21056.83612750  .00002978  00000-0  10852-3 0  9996
2 41557  97.3938 151.4575 0011369 271.0255 213.7023 15.28930928264471
NUSAT2
1 41558U 16033C   21056.85744856  .00003203  00000-0  10937-3 0  9998
2 41558  97.4022 154.7958 0010387 264.1435 214.1071 15.31013016264641
LAPAN A3
1 41603U 16040E   21056.81722826  .00000253  00000-0  14808-4 0  9990
2 41603  97.2740 107.8872 0014609  40.6211  91.5754 15.19966213259620
SWAYAM
1 41607U 16040J   21056.40163909  .00003470  00000-0  14050-3 0  9992
2 41607  97.2843 115.4454 0013157  22.1314 338.0489 15.25258573259966
PRATHAM
1 41783U 16059A   21056.78780233  .00000102  00000-0  28900-4 0  9992
2 41783  97.9814 110.6284 0032459 236.7031 123.1061 14.63114625235928
ALSAT 1N
1 41789U 16059G   21056.85894715  .00000090  00000-0  25931-4 0  9994
2 41789  97.9865 114.1213 0027249 221.7150 138.1965 14.64390893236113
SCATSAT
1 41790U 16059H   21056.84428686  .00000012  00000-0  14381-4 0  9996
2 41790  98.3848  99.2445 0004316 210.4840 149.6091 14.50796654233969
TY-1
1 41844U 16066D   21056.82758697  .00001810  00000-0  74232-4 0  9998
2 41844  97.4026  68.2053 0015175 164.6929 298.5388 15.25450025238882
PEGASUS-1
1 41846U 16066F   21056.10332377  .00000461  00000-0  79986-4 0  9996
2 41846  98.6269 114.3584 0366095 200.2577 158.3762 14.37948179225276
CAS-2T
1 41847U 16066G   21056.39377463  .00000227  00000-0  44515-4 0  9993
2 41847  98.6182 114.9786 0365273 194.6521 164.3852 14.38150390225776
EO-88
1 42017U 17008BX  21056.43875571  .00003758  00000-0  14206-3 0  9993
2 42017  97.3298 126.0188 0007278 136.1362 224.0456 15.27559730224157
CAS-4B
1 42759U 17034B   21056.45987454  .00000643  00000-0  52144-4 0  9995
2 42759  43.0174  76.7274 0009194 192.1204 314.1922 15.10084642204215
CAS-4A
1 42761U 17034D   21056.45695424  .00000646  00000-0  52209-4 0  9996
2 42761  43.0181  75.8732 0009518 192.7988 313.3621 15.10165671204219
UCLSAT
1 42765U 17036A   21056.42377103  .00002911  00000-0  12156-3 0  9993
2 42765  97.2667 109.4629 0010252 205.2823 154.7915 15.24370492205103
NIUSAT
1 42766U 17036B   21056.58917016  .00001959  00000-0  87630-4 0  9995
2 42766  97.2667 106.3754 0014510 203.6839 156.3732 15.22359576204190
LITUANICASAT 2
1 42768U 17036D   21056.79620590  .00004659  00000-0  18642-3 0  9994
2 42768  97.2736 110.3031 0013786 194.2959 165.7891 15.25471628204448
AALTO 1
1 42775U 17036L   21056.36330760  .00001749  00000-0  78578-4 0  9994
2 42775  97.2640 106.4535 0012921 203.1828 156.8828 15.22370810204146
URSA MAIOR
1 42776U 17036M   21056.58128612  .00001805  00000-0  80435-4 0  9998
2 42776  97.2653 107.0686 0012762 201.6809 158.3889 15.22608231204190
MAX VALIER SAT
1 42778U 17036P   21056.57656785  .00001836  00000-0  80335-4 0  9999
2 42778  97.2717 108.7833 0011378 202.9143 157.1588 15.23243462204254
PEGASUS
1 42784U 17036V   21056.57066838  .00002411  00000-0  10233-3 0  9999
2 42784  97.2673 109.1854 0010816 206.7516 153.3165 15.23986591204315
NUDATSAT
1 42787U 17036Y   21056.57950778  .00003626  00000-0  14496-3 0  9991
2 42787  97.2714 111.2486 0010037 199.7771 160.3084 15.25686115204272
SUCHAI 1
1 42788U 17036Z   21056.09946391  .00002792  00000-0  11567-3 0  9994
2 42788  97.2685 109.5779 0010356 205.5048 154.5681 15.24681290204368
SKCUBE
1 42789U 17036AA  21056.57009769  .00002706  00000-0  11290-3 0  9995
2 42789  97.2677 109.7976 0010301 204.2718 155.8036 15.24461486204340
VZLUSAT 1
1 42790U 17036AB  21055.39140918  .00003350  00000-0  13429-3 0  9990
2 42790  97.2712 110.0834 0009742 204.0410 156.0375 15.25654508204242
VENTA 1
1 42791U 17036AC  21056.41688848  .00002741  00000-0  11447-3 0  9995
2 42791  97.2674 109.6744 0009931 205.1571 154.9184 15.24427769204313
ROBUSTA 1B
1 42792U 17036AD  21056.42455584  .00003062  00000-0  12656-3 0  9996
2 42792  97.2679 109.9933 0009859 204.5693 155.5076 15.24682589204353
D-SAT
1 42794U 17036AF  21056.38956875  .00000354  00000-0  36033-4 0  9999
2 42794  97.4717  82.1810 0124423 240.0368 118.8453 14.91461990200356
TECHNOSAT
1 42829U 17042E   21056.46575516  .00000434  00000-0  48869-4 0  9992
2 42829  97.4866 291.8359 0014706 155.5352 204.6568 14.91223878196998
QIKCOM-1
1 42983U 98067NF  21056.77134229  .00009848  00000-0  10465-3 0  9993
2 42983  51.6371 105.9965 0003007 299.2059  60.8635 15.64763892189908
AO-91
1 43017U 17073E   21056.46660815  .00001479  00000-0  12009-3 0  9999
2 43017  97.7153 324.8589 0254550 305.9079  51.8746 14.79344770176564
ECAMSAT
1 43019U 98067NG  21056.48085239  .00029188  00000-0  20966-3 0  9994
2 43019  51.6395  81.6392 0002759 307.9020  52.1729 15.73382040272528
PICSAT
1 43132U 18004X   21055.96693873  .00002899  00000-0  11780-3 0  9998
2 43132  97.4201 131.5067 0007853 238.8858 121.1610 15.25351988173534
AO-92
1 43137U 18004AC  21056.46254554  .00002478  00000-0  10262-3 0  9995
2 43137  97.4181 131.6138 0007469 239.9254 120.1243 15.24843329173592
TIANYI 2
1 43155U 18008A   21056.84182292  .00001721  00000-0  10320-3 0  9995
2 43155  97.4168 125.1095 0016991   0.1881 111.3585 15.12151512171201
ZHOU ENLAI
1 43156U 18008B   21056.81262348  .00001487  00000-0  90768-4 0  9998
2 43156  97.4212 124.9167 0014347   1.5211 108.5084 15.11730430171140
TIANYI 6
1 43158U 18008D   21056.43084630  .00001860  00000-0  11432-3 0  9999
2 43158  97.4162 123.2772 0013384   1.1864   9.5120 15.11203025171023
S-NET D
1 43186U 18014G   21056.46483248  .00000161  00000-0  19029-4 0  9992
2 43186  97.6843 326.0269 0012210  96.2228 264.0385 14.96973727167540
S-NET B
1 43187U 18014H   21056.53155743  .00000137  00000-0  16953-4 0  9993
2 43187  97.6841 326.0630 0012198  96.0163 264.2449 14.96973118167550
S-NET A
1 43188U 18014J   21056.46467339  .00000153  00000-0  18295-4 0  9992
2 43188  97.6844 326.0371 0012200  96.2639 263.9973 14.96971989167541
S-NET C
1 43189U 18014K   21056.46515968  .00000171  00000-0  19853-4 0  9996
2 43189  97.6840 325.9912 0012200  96.2252 264.0360 14.96972076166097
FMN 1
1 43192U 18015A   21056.87080222  .00005130  00000-0  19521-3 0  9997
2 43192  97.4692 191.8841 0013402 276.3361 235.7781 15.27134484170558
SHAONIAN XING
1 43199U 18015H   21056.86574218  .00003552  00000-0  13700-3 0  9995
2 43199  97.4478 189.4271 0014483 287.2407 225.1637 15.26885672170610
SURFSAT
1 43614U 18070B   21056.50665327  .00006189  00000-0  14943-3 0  9990
2 43614  93.0227 259.4837 0017154  80.0609 280.2581 15.41053183137426
CP-7 DAVE
1 43615U 18070C   21056.50434938  .00005901  00000-0  14366-3 0  9993
2 43615  93.0230 259.4525 0017347  79.9282 280.3929 15.40804249137415
ELFIN-B
1 43616U 18070D   21056.52077559  .00009445  00000-0  21293-3 0  9992
2 43616  93.0187 259.5336 0017255  79.0536 281.2661 15.43088878137507
ELFIN-A
1 43617U 18070E   21056.51059809  .00009784  00000-0  21810-3 0  9991
2 43617  93.0241 260.2694 0016571  76.3725 283.9376 15.43434702137519
STARS-ME MOTHER
1 43640U 98067PQ  21056.51458006  .00067930  00000-0  36925-3 0  9993
2 43640  51.6308  94.9060 0002644 322.4241  37.6575 15.79341443136503
CUBEBEL 1
1 43666U 18083E   21056.87052346  .00002402  00000-0  11796-3 0  9999
2 43666  97.4681  86.5989 0014368 191.3845 293.3941 15.18952490129074
CHANGSHAGAOXIN
1 43669U 18083H   21056.83566851  .00001492  00000-0  77049-4 0  9991
2 43669  97.4584  83.9802 0010649 183.9697 281.2504 15.17820096128956
TEN-KOH
1 43677U 18084G   21056.80900696  .00000352  00000-0  41956-4 0  9999
2 43677  97.9041 179.6776 0016967  46.7056 313.5573 14.90406559126671
PO-101
1 43678U 18084H   21056.83688005  .00000321  00000-0  37641-4 0  9992
2 43678  97.9065 181.6613 0011345  63.9025 296.3391 14.91711847126792
IRVINE 01
1 43693U 18088D   21056.02768083  .00004640  00000-0  18590-3 0  9998
2 43693  85.0312 269.6268 0019108  81.3081 279.0326 15.24570006127307
QO-100
1 43700U 18090A   21056.51864056  .00000141  00000-0  00000 0 0  9996
2 43700   0.0215 153.5441 0002400 214.6974 359.8794  1.00271960  8498
REAKTOR HELLO WORLD
1 43743U 18096AA  21056.44201544  .00002920  00000-0  10836-3 0  9997
2 43743  97.3958 134.8025 0016143 317.3149  42.6836 15.28289177125029
MINXSS-2
1 43758U 18099A   21056.46773664  .00000901  00000-0  85430-4 0  9995
2 43758  97.6785 129.9328 0016737  66.7370 293.5612 14.95919155121773
AO-95
1 43770U 18099N   21056.02580599  .00000572  00000-0  57145-4 0  9990
2 43770  97.6777 128.6404 0016049  75.7025 284.5977 14.95207822121654
RANGE-B
1 43772U 18099Q   21056.67780803  .00001214  00000-0  11467-3 0  9993
2 43772  97.6852 130.1080 0015377  62.5969 297.6814 14.95473079121757
RANGE-A
1 43773U 18099R   21055.15418186  .00000578  00000-0  57800-4 0  9992
2 43773  97.6716 127.2186 0014954  66.8576 293.4219 14.95129859121513
MOVE-II
1 43780U 18099Y   21056.43162994  .00000847  00000-0  80999-4 0  9999
2 43780  97.6790 129.4520 0014894  72.0388 288.2456 14.95745899121728
SNUSAT 2
1 43782U 18099AA  21056.67915550  .00000912  00000-0  87457-4 0  9990
2 43782  97.6771 129.5824 0014056  62.0487 298.2155 14.95456833121764
SNUGLITE
1 43784U 18099AC  21056.42893474  .00000521  00000-0  51964-4 0  9995
2 43784  97.6739 129.0935 0016514  68.8093 291.4891 14.95574639121741
ITASAT 1
1 43786U 18099AE  21056.43601288  .00000217  00000-0  24719-4 0  9998
2 43786  97.6793 129.6422 0016562  67.9616 292.3362 14.95518529121743
EAGLET 1
1 43790U 18099AJ  21056.02939599  .00000339  00000-0  35398-4 0  9997
2 43790  97.6785 129.6095 0015011  73.2424 287.0442 14.95895622121405
ESEO
1 43792U 18099AL  21056.46641202  .00000385  00000-0  39659-4 0  9993
2 43792  97.6747 129.7136 0014628  69.4513 290.8276 14.95690353121525
CSIM
1 43793U 18099AM  21056.48287564  .00001529  00000-0  13973-3 0  9994
2 43793  97.6771 129.9471 0014302  67.5464 292.7270 14.96399513121520
ASTROCAST 0.1
1 43798U 18099AS  21056.46119820  .00000559  00000-0  54799-4 0  9990
2 43798  97.6781 130.1908 0013343  53.6262 306.6188 14.96041905121770
JO-97
1 43803U 18099AX  21055.14639412  .00001063  00000-0  10032-3 0  9997
2 43803  97.6757 128.1455 0016580  72.6210 287.6823 14.95736971121557
SUOMI 100
1 43804U 18099AY  21055.14991201  .00000990  00000-0  93874-4 0  9999
2 43804  97.6754 128.1240 0016672  72.5715 287.7327 14.95715088121565
AL FARABI 2
1 43805U 18099AZ  21056.57105854  .00000625  00000-0  60842-4 0  9993
2 43805  97.6771 129.6865 0016747  68.8265 291.4746 14.95904334121780
CHOMPTT
1 43855U 18104G   21055.30609312  .00002075  00000-0  84714-4 0  9998
2 43855  85.0398   8.4800 0016236 196.3596 163.7125 15.23618126121865
ISAT
1 43879U 18111D   21056.87144906  .00000160  00000-0  19141-4 0  9993
2 43879  97.6917 326.0654 0014068 112.6452 247.6275 14.96491790116368
UWE-4
1 43880U 18111E   21056.47615584  .00000744  00000-0  70076-4 0  9998
2 43880  97.6935 326.0868 0013490 116.5545 243.7061 14.96734467118331
SPARROW
1 43881U 18111F   21056.18345261  .00000214  00000-0  23718-4 0  9992
2 43881  97.6952 325.9099 0013667 113.7942 246.4714 14.96789792118292
LUME 1
1 43908U 18111AJ  21056.52951312  .00002525  00000-0  10105-3 0  9992
2 43908  97.2461 314.7679 0019926 332.5200  27.4984 15.25804410120607
FO-98
1 43933U 19003B   21056.40204667  .00015811  00000-0  64675-3 0  9995
2 43933  97.1984 102.1213 0018736  73.5822 286.7474 15.24253628117021
FO-99
1 43937U 19003F   21056.09018471  .00002641  00000-0  10698-3 0  9993
2 43937  97.1931 103.7109 0024851  53.8353 306.5179 15.25239722117138
DELPHINI 1
1 44030U 98067PW  21056.49553443  .00403643  79759-4  80915-3 0  9999
2 44030  51.6241  92.3341 0006278  22.8602 337.2686 15.99153087118404
MYSAT 1
1 44045U 18092F   21056.74577725  .00007411  00000-0  20045-3 0  9992
2 44045  51.6364 250.8268 0011205 158.3422 201.8038 15.38710986114252
ASTROCAST 0.2
1 44083U 19018F   21056.63463264  .00002256  00000-0  10129-3 0  9997
2 44083  97.3883 119.7560 0013127  12.4110 347.7447 15.22136225105888
AISTECHSAT 3
1 44103U 19018AB  21056.83789398  .00001821  00000-0  78551-4 0  9992
2 44103  97.3757 120.2856 0013733  24.5041  26.4147 15.23743330106012
AISAT 1
1 44104U 19018AC  21056.44803979  .00002142  00000-0  69033-4 0  9994
2 44104  97.4361 133.3893 0058115  35.4111 325.0967 15.31707476106527
RAAVANA-1
1 44329U 98067QE  21056.48925026  .00042566  00000-0  38713-3 0  9990
2 44329  51.6365 138.6178 0003965 245.1142 114.9442 15.67505577 96543
UGUISU
1 44330U 98067QF  21056.58764037  .00040185  00000-0  36937-3 0  9997
2 44330  51.6343 138.4594 0003898 243.9802 116.0793 15.67270627 96531
NEPALISAT-1
1 44331U 98067QG  21056.22602412  .00042627  00000-0  38845-3 0  9990
2 44331  51.6339 139.7950 0004037 246.7085 113.3486 15.67455999 96498
PROX-1
1 44339U 19036A   21056.38946214  .00001300  00000-0  25698-3 0  9990
2 44339  24.0008 319.9033 0010447  37.6108 322.5112 14.53388414 88887
OCULUS-ASR
1 44348U 19036K   21056.55138557  .00020905  00000-0  29471-3 0  9997
2 44348  28.5124 156.6667 0344247 138.6180 224.1028 15.08475722 91971
ARMADILLO
1 44352U 19036P   21056.49365676  .00033978  00000-0  45946-3 0  9998
2 44352  28.5288 143.1259 0320891 159.1831 202.2161 15.14086047 92055
NO-104
1 44354U 19036R   21056.55456999  .00022092  00000-0  30484-3 0  9992
2 44354  28.5279 151.3177 0339860 145.5739 216.7369 15.09814780 92023
NO-103
1 44355U 19036S   21056.51904245  .00050832  00000-0  61776-3 0  9992
2 44355  28.5279 122.4755 0294034 192.4935 166.8241 15.21622289 92318
CP9
1 44360U 19036X   21056.38043936  .00092731 -46775-5  82032-3 0  9991
2 44360  28.5105  81.3737 0243474 260.8521  96.4459 15.37626550 92588
MOVE-IIB
1 44398U 19038N   21056.83809268  .00002530  00000-0  14541-3 0  9995
2 44398  97.5693  21.4697 0024143 338.5393  21.4833 15.13192458 90881
SONATE
1 44400U 19038Q   21056.76972476  .00001069  00000-0  65104-4 0  9991
2 44400  97.5730  21.3510 0024847 337.9686  22.0495 15.12338479 90851
BEESAT 9
1 44412U 19038AC  21056.18056912  .00002502  00000-0  14505-3 0  9999
2 44412  97.5738  20.9639 0021929 345.3116  14.7475 15.12929345 90470
JAISAT-1
1 44419U 19038F   21056.38457750  .00002423  00000-0  13878-3 0  9997
2 44419  97.5742  21.6249 0020719 343.3279  16.7268 15.13414393 90847
LIGHTSAIL-2
1 44420U 19036AC  21056.39002011  .00009888  00000-0  20315-2 0  9999
2 44420  24.0081 306.1090 0008197  42.4739 317.6387 14.58701941 87183
TAURUS 1
1 44530U 19059C   21056.83574703  .00000779  00000-0  23156-3 0  9994
2 44530  98.5545 146.2502 0015763 120.3320 239.9435 14.45912567 76953
DUCHIFAT 3
1 44854U 19089C   21056.65242361  .00000792  00000-0  69941-4 0  9996
2 44854  36.9680  41.7300 0009191 311.7280  48.2710 14.99343288 66315
OPS-SAT
1 44878U 19092F   21056.47089048  .00002347  00000-0  12486-3 0  9996
2 44878  97.4710 241.6291 0013501 192.7544 167.3349 15.16169120 65868
TO-108
1 44881U 19093C   21056.81867975  .00000076  00000-0  16560-4 0  9997
2 44881  97.9333 136.8225 0013788 298.8933  61.0892 14.81424323 64207
FLORIPASAT 1
1 44885U 19093G   21056.69859982  .00000436  00000-0  61393-4 0  9990
2 44885  97.9344 137.1297 0013499 308.2695  51.7314 14.82207569 64214
RS-44
1 44909U 19096E   21056.59171093  .00000005  00000-0 -21697-4 0  9995
2 44909  82.5241 187.1237 0217184 354.9421   4.9485 12.79708564 54536
SWAMPSAT-2
1 45115U 19071E   21056.60572485  .00046702  00000-0  98600-3 0  9990
2 45115  51.6373 209.3796 0009562 250.5670 109.4283 15.44680572 60102
HO-107
1 45119U 19071J   21056.53291226  .00004826  00000-0  15099-3 0  9999
2 45119  51.6401 219.2530 0011211 243.7741 116.2089 15.34960648 59978
PHOENIX
1 45258U 98067RB  21056.58297486  .00013298  00000-0  20603-3 0  9994
2 45258  51.6401 167.7779 0005438 197.6771 162.4031 15.54353828 57794
AZTECHSAT-1
1 45261U 98067RE  21056.66746705  .00029755  00000-0  37728-3 0  9991
2 45261  51.6382 162.3509 0006129 223.2557 136.7955 15.59173894 57892
QARMAN
1 45263U 98067RG  21056.69936730  .00023897  00000-0  32897-3 0  9998
2 45263  51.6394 164.8158 0005966 216.4460 143.6127 15.57107710 57901
QUETZAL 1
1 45598U 98067RL  21056.30216458  .00021360  00000-0  31081-3 0  9992
2 45598  51.6405 169.6739 0002316 304.2762  55.8010 15.55691382 47073
BY70-2
1 45857U 20042B   21056.85492145  .00001463  00000-0  21619-3 0  9995
2 45857  97.9916 133.7544 0011007 204.4432 155.6254 14.76714685 35079
UPMSAT 2
1 46276U 20061E   21056.50183699  .00000967  00000-0  53350-4 0  9991
2 46276  97.4434 132.4869 0002630  64.3633 295.7872 15.16292431 26571
AMICALSAT
1 46287U 20061R   21056.47771938  .00001441  00000-0  91950-4 0  9994
2 46287  97.4986 132.1591 0004253 112.2452 247.9229 15.10250494 26447
SALSAT
1 46495U 20068K   21056.57886456  .00000572  00000-0  46519-4 0  9990
2 46495  97.6834 354.8057 0017956  86.9907 273.3374 15.03343842 22529
BY70-3
1 46839U 20079N   21056.98560169  .00004483  00000-0  14351-3 0  9992
2 46839  97.2519 133.0604 0005759 237.6402 232.7879 15.32886454 17127
SPOC
1 46921U 98067RR  21056.57896456  .00012506  00000-0  21010-3 0  9997
2 46921  51.6425 173.0212 0002206  24.2098 335.8995 15.52165777 17475
BOBCAT-1
1 46922U 98067RS  21056.48901286  .00017790  00000-0  28784-3 0  9991
2 46922  51.6430 173.1757 0001835  23.7848 336.3227 15.52897551 17422
NEUTRON-1
1 46923U 98067RT  21056.58592279  .00012487  00000-0  21061-3 0  9990
2 46923  51.6424 173.0663 0002158  39.5223 320.5924 15.52056200 17496
CAPE 3
1 47309U 21002A   21056.79450333  .00002026  00000-0  10402-3 0  9996
2 47309  60.6902 349.2722 0021701 332.1184  27.8737 15.20389288  5904
OBJECT B
1 47310U 21002B   21056.52252239  .00003744  00000-0  17985-3 0  9995
2 47310  60.6874 350.2059 0020224 332.1130  27.8870 15.20775744  5857
AO-109
1 47311U 21002C   21056.50828383  .00001977  00000-0  99405-4 0  9997
2 47311  60.6874 350.1371 0017924 328.1285  31.8715 15.21280857  5831
OBJECT D
1 47312U 21002D   21056.37199161  .00011892  00000-0  53013-3 0  9999
2 47312  60.6879 350.6039 0017936 330.1044  29.9017 15.21706135  5804
OBJECT E
1 47313U 21002E   21056.23188303  .00004776  00000-0  21910-3 0  9995
2 47313  60.6863 351.0432 0018772 317.3968  42.5661 15.21878121  5790
MITEE 1
1 47314U 21002F   21056.80802630  .00004310  00000-0  19574-3 0  9992
2 47314  60.6881 348.7525 0016058 314.3774  45.5997 15.22467834  5908
OBJECT G
1 47315U 21002G   21056.73385849  .00002499  00000-0  11757-3 0  9994
2 47315  60.6877 348.9553 0013656 314.2096  45.7869 15.22761904  5897
OBJECT J
1 47317U 21002J   21056.39809574  .00001947  00000-0  10027-3 0  9990
2 47317  60.6896 350.7361 0021474 330.7797  29.2086 15.20453216  5818
OBJECT K
1 47318U 21002K   21056.79187691  .00001779  00000-0  92601-4 0  9996
2 47318  60.6893 349.2582 0021490 330.6596  29.3281 15.20483813  5878
EXOCUBE 2
1 47319U 21002L   21056.51735728  .00001810  00000-0  92936-4 0  9994
2 47319  60.6872 350.1820 0019315 330.1647  29.8336 15.20921622  5801
OBJECT M
1 47320U 21002M   21056.83840714  .00002344  00000-0  11574-3 0  9994
2 47320  60.6864 348.9110 0018626 327.7724  32.2223 15.21236779  5933
OBJECT N
1 47345U 21002N   21056.49464438  .00004655  00000-0  21386-3 0  9997
2 47345  60.6864 350.0591 0018765 317.8534  42.1108 15.21881307  5575
UVSQ-SAT
1 47438U 21006AB  21056.41467713  .00001426  00000-0  84599-4 0  9994
2 47438  97.5028 119.5772 0014240 121.8396 238.4223 15.12873579  5111
YUSAT 1
1 47439U 21006AC  21055.42316228  .00001297  00000-0  77365-4 0  9998
2 47439  97.5030 118.6012 0014056 125.1388 235.1163 15.12839702  4964
SOMP 2B
1 47445U 21006AJ  21056.41773013  .00001371  00000-0  81799-4 0  9993
2 47445  97.5001 119.5580 0013779 125.1110 235.1415 15.12726688  5119
IDEASSAT
1 47458U 21006AX  21055.42823051  .00001205  00000-0  72639-4 0  9994
2 47458  97.5091 118.6222 0012944 126.3811 233.8616 15.12587692  4969
